# Equilibrium carrier concentrations
# Position(um)  n(cm^-3)  p(cm^-3)
# LWIR
0.000000  4.4268292683e+12  2.4600000000e+14
0.050000  2.5034980398e+14  4.3499135317e+12
0.101744  2.5034991166e+14  4.3499116607e+12
0.155293  2.5034991166e+14  4.3499116607e+12
0.210711  2.5034991166e+14  4.3499116607e+12
0.268061  2.5034991166e+14  4.3499116607e+12
0.327412  2.5034991166e+14  4.3499116607e+12
0.388833  2.5034991166e+14  4.3499116607e+12
0.452397  2.5034991166e+14  4.3499116607e+12
0.518179  2.5034991166e+14  4.3499116607e+12
0.586255  2.5034991166e+14  4.3499116607e+12
0.656705  2.5034991166e+14  4.3499116607e+12
0.729614  2.5034991166e+14  4.3499116607e+12
0.805065  2.5034991166e+14  4.3499116607e+12
0.883149  2.5034991166e+14  4.3499116607e+12
0.963956  2.5034991166e+14  4.3499116607e+12
1.047583  2.5034991166e+14  4.3499116607e+12
1.134126  2.5034991166e+14  4.3499116607e+12
1.223689  2.5034991166e+14  4.3499116607e+12
1.316376  2.5034991166e+14  4.3499116607e+12
1.412296  2.5034991166e+14  4.3499116607e+12
1.511562  2.5034991166e+14  4.3499116607e+12
1.614291  2.5034991166e+14  4.3499116607e+12
1.720603  2.5034991166e+14  4.3499116607e+12
1.830624  2.5034991166e+14  4.3499116607e+12
1.944483  2.5034991166e+14  4.3499116607e+12
2.062314  2.5034991166e+14  4.3499116607e+12
2.184255  2.5034991166e+14  4.3499116607e+12
2.310450  2.5034991166e+14  4.3499116607e+12
2.441047  2.5034991166e+14  4.3499116607e+12
2.576200  2.5034991166e+14  4.3499116607e+12
2.716068  2.5034991166e+14  4.3499116607e+12
2.860814  2.5034991166e+14  4.3499116607e+12
3.010610  2.5034991166e+14  4.3499116607e+12
3.165631  2.5034991166e+14  4.3499116607e+12
3.326060  2.5034991166e+14  4.3499116607e+12
3.492086  2.5034991166e+14  4.3499116607e+12
3.663903  2.5034991166e+14  4.3499116607e+12
3.841713  2.5034991166e+14  4.3499116607e+12
4.025727  2.5034991166e+14  4.3499116607e+12
4.216159  2.5034991166e+14  4.3499116607e+12
4.413234  2.5034991166e+14  4.3499116607e+12
4.500000  2.5034991166e+14  4.3499116607e+12
4.700000  2.5034991166e+14  4.3499116607e+12
4.895349  2.5034991166e+14  4.3499116607e+12
5.086155  2.5034991166e+14  4.3499116607e+12
5.272523  2.5034991166e+14  4.3499116607e+12
5.454558  2.5034991166e+14  4.3499116607e+12
5.632359  2.5034991166e+14  4.3499116607e+12
5.806025  2.5034991166e+14  4.3499116607e+12
5.975652  2.5034991166e+14  4.3499116607e+12
6.141334  2.5034991166e+14  4.3499116607e+12
6.303164  2.5034991166e+14  4.3499116607e+12
6.461230  2.5034991166e+14  4.3499116607e+12
6.615620  2.5034991166e+14  4.3499116607e+12
6.766419  2.5034991166e+14  4.3499116607e+12
6.913712  2.5034991166e+14  4.3499116607e+12
7.057579  2.5034991166e+14  4.3499116607e+12
7.198101  2.5034991166e+14  4.3499116607e+12
7.335354  2.5034991166e+14  4.3499116607e+12
7.469416  2.5034991166e+14  4.3499116607e+12
7.600359  2.5034991166e+14  4.3499116607e+12
7.728258  2.5034991166e+14  4.3499116607e+12
7.853182  2.5034991166e+14  4.3499116607e+12
7.975201  2.5034991166e+14  4.3499116607e+12
8.094383  2.5034991166e+14  4.3499116607e+12
8.210792  2.5034991166e+14  4.3499116607e+12
8.324495  2.5034991166e+14  4.3499116607e+12
8.435553  2.5034991166e+14  4.3499116607e+12
8.544029  2.5034991166e+14  4.3499116607e+12
8.649981  2.5034991166e+14  4.3499116607e+12
8.753470  2.5034991166e+14  4.3499116607e+12
8.854552  2.5034991166e+14  4.3499116607e+12
8.900000  2.5034993401e+14  4.3499112724e+12
9.000000  2.7455649586e+15  3.9663967759e+11
# Barrier
9.000000  1.6639787628e+12  2.4038768339e+08
9.050000  4.9999997815e+15  8.0000003496e+04
9.101205  5.0000000001e+15  7.9999999999e+04
9.153643  5.0000000001e+15  7.9999999999e+04
9.207346  5.0000000001e+15  7.9999999999e+04
9.262342  5.0000000001e+15  7.9999999999e+04
9.318664  5.0000000001e+15  7.9999999999e+04
9.376342  5.0000000001e+15  7.9999999999e+04
9.435411  5.0000000001e+15  7.9999999999e+04
9.495902  5.0000000001e+15  7.9999999999e+04
9.557852  5.0000000001e+15  7.9999999999e+04
9.621294  5.0000000001e+15  7.9999999999e+04
9.686265  5.0000000001e+15  7.9999999999e+04
9.752802  5.0000000001e+15  7.9999999999e+04
9.820941  5.0000000001e+15  7.9999999999e+04
9.890723  5.0000000001e+15  7.9999999999e+04
9.962186  5.0000000001e+15  7.9999999999e+04
10.035372  5.0000000001e+15  7.9999999999e+04
10.110320  5.0000000001e+15  7.9999999999e+04
10.187075  5.0000000001e+15  7.9999999999e+04
10.265679  5.0000000001e+15  7.9999999999e+04
10.346177  5.0000000001e+15  7.9999999999e+04
10.428615  5.0000000001e+15  7.9999999999e+04
10.513040  5.0000000001e+15  7.9999999999e+04
10.599499  5.0000000001e+15  7.9999999999e+04
10.688041  5.0000000001e+15  7.9999999999e+04
10.778717  5.0000000001e+15  7.9999999999e+04
10.871577  5.0000000001e+15  7.9999999999e+04
10.966675  5.0000000001e+15  7.9999999999e+04
11.064065  5.0000000001e+15  7.9999999999e+04
11.163802  5.0000000001e+15  7.9999999999e+04
11.175000  5.0000000001e+15  7.9999999999e+04
11.275000  5.0000000001e+15  7.9999999999e+04
11.375000  5.0000000001e+15  7.9999999999e+04
11.475000  5.0000000001e+15  7.9999999999e+04
11.575000  5.0000000001e+15  7.9999999999e+04
11.675000  5.0000000001e+15  7.9999999999e+04
11.775000  5.0000000001e+15  7.9999999999e+04
11.875000  5.0000000001e+15  7.9999999999e+04
11.975000  5.0000000001e+15  7.9999999999e+04
12.075000  5.0000000001e+15  7.9999999999e+04
12.175000  5.0000000001e+15  7.9999999999e+04
12.275000  5.0000000001e+15  7.9999999999e+04
12.375000  5.0000000001e+15  7.9999999999e+04
12.475000  5.0000000001e+15  7.9999999999e+04
12.575000  5.0000000001e+15  7.9999999999e+04
12.675000  5.0000000001e+15  7.9999999999e+04
12.775000  5.0000000001e+15  7.9999999999e+04
12.875000  5.0000000001e+15  7.9999999999e+04
12.975000  5.0000000001e+15  7.9999999999e+04
13.075000  5.0000000001e+15  7.9999999999e+04
13.175000  5.0000000001e+15  7.9999999999e+04
13.250000  4.9999999257e+15  8.0000001188e+04
13.350000  4.0480323016e+11  9.8813440753e+08
# VLWIR
13.350000  1.0524883984e+16  2.5691494596e+13
13.400000  8.2697491928e+14  3.2697484978e+14
13.451103  8.2697486947e+14  3.2697486947e+14
13.503333  8.2697486947e+14  3.2697486947e+14
13.556716  8.2697486947e+14  3.2697486947e+14
13.611275  8.2697486947e+14  3.2697486947e+14
13.667039  8.2697486947e+14  3.2697486947e+14
13.724032  8.2697486947e+14  3.2697486947e+14
13.782283  8.2697486947e+14  3.2697486947e+14
13.841819  8.2697486947e+14  3.2697486947e+14
13.902668  8.2697486947e+14  3.2697486947e+14
13.964859  8.2697486947e+14  3.2697486947e+14
14.028422  8.2697486947e+14  3.2697486947e+14
14.093387  8.2697486947e+14  3.2697486947e+14
14.159785  8.2697486947e+14  3.2697486947e+14
14.227648  8.2697486947e+14  3.2697486947e+14
14.297008  8.2697486947e+14  3.2697486947e+14
14.367898  8.2697486947e+14  3.2697486947e+14
14.440352  8.2697486947e+14  3.2697486947e+14
14.514404  8.2697486947e+14  3.2697486947e+14
14.590089  8.2697486947e+14  3.2697486947e+14
14.667444  8.2697486947e+14  3.2697486947e+14
14.746505  8.2697486947e+14  3.2697486947e+14
14.827310  8.2697486947e+14  3.2697486947e+14
14.909898  8.2697486947e+14  3.2697486947e+14
14.994308  8.2697486947e+14  3.2697486947e+14
15.080579  8.2697486947e+14  3.2697486947e+14
15.168754  8.2697486947e+14  3.2697486947e+14
15.258873  8.2697486947e+14  3.2697486947e+14
15.350981  8.2697486947e+14  3.2697486947e+14
15.445120  8.2697486947e+14  3.2697486947e+14
15.541336  8.2697486947e+14  3.2697486947e+14
15.639674  8.2697486947e+14  3.2697486947e+14
15.740182  8.2697486947e+14  3.2697486947e+14
15.842906  8.2697486947e+14  3.2697486947e+14
15.947897  8.2697486947e+14  3.2697486947e+14
16.055203  8.2697486947e+14  3.2697486947e+14
16.164877  8.2697486947e+14  3.2697486947e+14
16.276970  8.2697486947e+14  3.2697486947e+14
16.391535  8.2697486947e+14  3.2697486947e+14
16.508628  8.2697486947e+14  3.2697486947e+14
16.628304  8.2697486947e+14  3.2697486947e+14
16.750619  8.2697486947e+14  3.2697486947e+14
16.875633  8.2697486947e+14  3.2697486947e+14
17.003404  8.2697486947e+14  3.2697486947e+14
17.133994  8.2697486947e+14  3.2697486947e+14
17.267464  8.2697486947e+14  3.2697486947e+14
17.403879  8.2697486947e+14  3.2697486947e+14
17.543303  8.2697486947e+14  3.2697486947e+14
17.685802  8.2697486947e+14  3.2697486947e+14
17.831445  8.2697486947e+14  3.2697486947e+14
17.980300  8.2697486947e+14  3.2697486947e+14
18.132439  8.2697486947e+14  3.2697486947e+14
18.287934  8.2697486947e+14  3.2697486947e+14
18.446859  8.2697486947e+14  3.2697486947e+14
18.609290  8.2697486947e+14  3.2697486947e+14
18.775304  8.2697486947e+14  3.2697486947e+14
18.944980  8.2697486947e+14  3.2697486947e+14
19.118398  8.2697486947e+14  3.2697486947e+14
19.295642  8.2697486947e+14  3.2697486947e+14
19.476796  8.2697486947e+14  3.2697486947e+14
19.661946  8.2697486947e+14  3.2697486947e+14
19.851180  8.2697486947e+14  3.2697486947e+14
20.044589  8.2697486947e+14  3.2697486947e+14
20.242263  8.2697486947e+14  3.2697486947e+14
20.350000  8.2697486947e+14  3.2697486947e+14
20.550000  8.2697486947e+14  3.2697486947e+14
20.747059  8.2697486947e+14  3.2697486947e+14
20.941220  8.2697486947e+14  3.2697486947e+14
21.132525  8.2697486947e+14  3.2697486947e+14
21.321018  8.2697486947e+14  3.2697486947e+14
21.506738  8.2697486947e+14  3.2697486947e+14
21.689727  8.2697486947e+14  3.2697486947e+14
21.870025  8.2697486947e+14  3.2697486947e+14
22.047672  8.2697486947e+14  3.2697486947e+14
22.222706  8.2697486947e+14  3.2697486947e+14
22.395166  8.2697486947e+14  3.2697486947e+14
22.565090  8.2697486947e+14  3.2697486947e+14
22.732515  8.2697486947e+14  3.2697486947e+14
22.897479  8.2697486947e+14  3.2697486947e+14
23.060016  8.2697486947e+14  3.2697486947e+14
23.220162  8.2697486947e+14  3.2697486947e+14
23.377954  8.2697486947e+14  3.2697486947e+14
23.533425  8.2697486947e+14  3.2697486947e+14
23.686610  8.2697486947e+14  3.2697486947e+14
23.837543  8.2697486947e+14  3.2697486947e+14
23.986255  8.2697486947e+14  3.2697486947e+14
24.132781  8.2697486947e+14  3.2697486947e+14
24.277152  8.2697486947e+14  3.2697486947e+14
24.419399  8.2697486947e+14  3.2697486947e+14
24.559555  8.2697486947e+14  3.2697486947e+14
24.697650  8.2697486947e+14  3.2697486947e+14
24.833714  8.2697486947e+14  3.2697486947e+14
24.967777  8.2697486947e+14  3.2697486947e+14
25.099869  8.2697486947e+14  3.2697486947e+14
25.230018  8.2697486947e+14  3.2697486947e+14
25.358253  8.2697486947e+14  3.2697486947e+14
25.484602  8.2697486947e+14  3.2697486947e+14
25.609093  8.2697486947e+14  3.2697486947e+14
25.731753  8.2697486947e+14  3.2697486947e+14
25.852610  8.2697486947e+14  3.2697486947e+14
25.971689  8.2697486947e+14  3.2697486947e+14
26.089017  8.2697486947e+14  3.2697486947e+14
26.204620  8.2697486947e+14  3.2697486947e+14
26.318523  8.2697486947e+14  3.2697486947e+14
26.430750  8.2697486947e+14  3.2697486947e+14
26.541327  8.2697486947e+14  3.2697486947e+14
26.650279  8.2697486947e+14  3.2697486947e+14
26.757627  8.2697486947e+14  3.2697486947e+14
26.863398  8.2697486947e+14  3.2697486947e+14
26.967612  8.2697486947e+14  3.2697486947e+14
27.070294  8.2697486947e+14  3.2697486947e+14
27.171467  8.2697486947e+14  3.2697486947e+14
27.250000  8.2697486712e+14  3.2697487040e+14
27.350000  5.4080000000e+14  5.0000000000e+14
